param dias := 365; # days
# Rede
param vb   := 12.66;  #kV
param SE   := 0; # nó que identifica a subestação
param vmin := 0.93; # tensão mínima
param vmax := 1.03; # tensão máxima
param coef_TNSAO := 1;
# bateria
param instalC := 2000;
param M := 70;
# param cus_p := 1; # $/kWh
param life_Cy := 1203.0;
param vida := 18;
param DoD := 0.9;
param Rtef := 0.968;
param beta := 0.002;
param cosB := 62.5;
param cosI := 15.3;
param sizeB := 200;
param EoC_ini := 80;
param P_inv := 50;
param man := 0.015;
# pv system
param COS_PV := 5000; # $/kw 
param PV_VdUtl := 15; # vida util do PV 
param P_PV := 4; # kWp

param: SCEN_irr: prob:=
	1	0.3
	2	0.4
	3	0.3
;

param: SCEN_plan: probR:=
	1	1
;

param:	A:	delt_a :=
		5	365
;

param:	
T:	delt_t	cus_p   cus_pv  D_F:=  #cus_p  
1	1		136.79421405 		0.2		0.7450 #0.0385 
2	1		134.02896333 		0.2		0.6210 #0.0327 
3	1		131.14056692 		0.2		0.5210 #0.0317 
4	1		140.67822548 		0.2		0.4140 #0.0336 
5	1		165.53032198 		0.2		0.3560 #0.0327 
6	1		195.22505507 		0.2		0.3780 #0.0394 
7	1		183.13239317 		0.2		0.3690 #0.0423 
8	1		161.86658286 		0.2		0.3600 #0.0442 
9	1		138.80658685 		0.2		0.4050 #0.0529 
10	1		130.52025669 		0.2		0.4320 #0.0606 
11	1		120.38443041 		0.2		0.4500 #0.0673 
12	1		110.91598906 		0.2		0.4950 #0.0721 
13	1		112.9344001 		0.2		0.5670 #0.0798 
14	1		124.64109266 		0.2		0.6300 #0.0847 
15	1		137.98103257 		0.2		0.6750 #0.0866 
16	1		167.18746763 		0.2		0.7470 #0.0914 
17	1		203.57011028 		0.2		0.7920 #0.0933 
18	1		246.80514323 		0.2		0.8100 #0.0962 
19	1		210.55216615 		0.2		0.8550 #0.0895 
20	1		177.63356682 		0.2		0.8730 #0.0875 
21	1		164.13720764 		0.2		0.9000 #0.0837 
22	1		153.35577434 		0.2		0.8190 #0.0721 
23	1		149.02619888 		0.2		0.8010 #0.0625 
24	1		141.68100999 		0.2		0.7830 #0.0529 
;


param Pd_coef:	
	1 			2:=
1	0.37768293 	0.4140
2	0.42378049 	0.3960
3	0.44682927 	0.3780
4	0.44682927 	0.3690
5	0.56207317 	0.3600
6	0.63121951 	0.4050
7	0.71573171 	0.4320
8	0.83097561 	0.4500
9	0.86170732 	0.4950
10	0.94621951 	0.5670
11	1.00000000 	0.6300
12	0.99231707 	0.6750
13	0.95390244 	0.7470
14	0.93085366 	0.7920
15	0.99231707 	0.8100
16	0.98463415 	0.8550
17	0.99231707 	0.8730
18	0.94621951 	0.9000
19	0.86170732 	0.8190
20	0.72341463 	0.8010
21	0.59280488 	0.7830
22	0.50060976 	0.6750
23	0.45451220 	0.6210
24	0.37000000 	0.5310
;
param	PV_F:	
	1		2		3:=
1	0.00	0.00	0.00
2	0.00	0.00	0.00
3	0.00	0.00	0.00
4	0.00	0.00	0.00
5	0.00	0.00	0.00
6	0.04	0.00	0.00
7	0.18	0.05	0.02
8	0.37	0.17	0.11
9	0.55	0.23	0.21
10	0.71	0.27	0.07
11	0.84	0.39	0.09
12	0.94	0.39	0.09
13	0.99	0.54	0.06
14	0.99	0.58	0.12
15	0.95	0.66	0.21
16	0.83	0.45	0.17
17	0.54	0.39	0.09
18	0.38	0.20	0.13
19	0.09	0.09	0.05
20	0.00	0.00	0.00
21	0.00	0.00	0.00
22	0.00	0.00	0.00
23	0.00	0.00	0.00
24	0.00	0.00	0.00
;

param:	
N: 	Pd	Qd	AB	PV_0	:=
0	0	0	0	0.1		
1	100	60	1	20.00	
2	90	40	1	21.00	
3	120	80	1	21.60	
4	60	30	1	26.40	
5	60	20	1	22.80	
6	200	100	1	18.00	
7	200	100	1	21.60	
8	60	20	1	18.00	
9	60	20	1	5.01	
10	45	30	1	7.01	
11	60	35	1	6.01	
12	60	35	1	6.01	
13	120	80	1	10.01	
14	60	10	1	12.01	
15	60	20	1	4.01	
16	60	20	1	5.25	
17	90	40	1	26.25	
18	90	40	1	23.10	
19	90	40	1	27.50	
20	90	40	1	21.00	
21	90	40	1	26.40	
22	90	50	1	20.00	
23	420	200	1	24.15	
24	420	200	1	18.00	
25	60	25	1	21.00	
26	60	25	1	25.00	
27	60	20	1	22.00	
28	120	70	1	18.00	
29	200	600	1	10.35	
30	150	70	1	6.01	
31	210	100	1	6.01	
32	60	40	1	6.60	
;

param: L: 	R		X	Imax:=
# l  m n	ohm     ohm      A
1	0	1	0.0922	0.0477	300
2	1	2	0.4930	0.2511	300
3	2	3	0.3660	0.1864	300
4	3	4	0.3811	0.1941	300
5	4	5	0.8190	0.7070	300
6	5	6	0.1872	0.6188	300
7	6	7	0.7114	0.2351	300
8	7	8	1.0300	0.7400	300
9	8	9	1.0440	0.7400	300
10	9	10	0.1966	0.0650	300
11	10	11	0.3744	0.1238	300
12	11	12	1.4680	1.1550	300
13	12	13	0.5416	0.7129	300
14	13	14	0.5910	0.5260	300
15	14	15	0.7463	0.5450	300
16	15	16	1.2890	1.7210	300
17	16	17	0.7320	0.5740	300
18	1	18	0.1640	0.1565	300
19	18	19	1.5042	1.3554	300
20	19	20	0.4095	0.4784	300
21	20	21	0.7089	0.9373	300
22	2	22	0.4512	0.3083	300
23	22	23	0.8980	0.7091	300
24	23	24	0.8960	0.7011	300
25	5	25	0.2030	0.1034	300
26	25	26	0.2842	0.1447	300
27	26	27	1.0590	0.9337	300
28	27	28	0.8042	0.7006	300
29	28	29	0.5075	0.2585	300
30	29	30	0.9744	0.9630	300
31	30	31	0.3105	0.3619	300
32	31	32	0.3410	0.5302	300
# 33	7	20	2	2	300
# 34	8	14	2	2	300
# 35	11	21	2	2	300
# 36	17	32	0.5	0.5	300
# 37	24	28	0.5	0.5	300
;

